image_width: 960
image_height: 720
camera_name: narrow_stereo
camera_matrix:
  rows: 3
  cols: 3
  data: [935.564202, 0.000000, 475.515717, 0.000000, 935.293722, 344.981609, 0.000000, 0.000000, 1.000000]
distortion_model: plumb_bob
distortion_coefficients:
  rows: 1
  cols: 5
  data: [-0.003436, 0.030547, 0.000629, -0.004489, 0.000000]
rectification_matrix:
  rows: 3
  cols: 3
  data: [1.000000, 0.000000, 0.000000, 0.000000, 1.000000, 0.000000, 0.000000, 0.000000, 1.000000]
projection_matrix:
  rows: 3
  cols: 4
  data: [939.502869, 0.000000, 471.671519, 0.000000, 0.000000, 942.835388, 345.470231, 0.000000, 0.000000, 0.000000, 1.000000, 0.000000]
